10,7
10,117
10,33
10,103
10,29
10,65
10,15
11,29
11,25
11,19
9,7
9,2
9,3
8,13
8,17
8,16
8,3
49,4
49,3
49,2
49,1
49,0
48,3
48,2
48,1
48,0
47,3
47,2
47,1
47,0
46,5
46,4
46,3
46,2
46,1
46,0
45,4
45,3
45,2
45,1
45,0
43,5
43,4
43,3
43,2
43,1
43,0
40,5
40,4
40,3
40,2
40,1
40,0
38,5
38,4
38,3
38,2
38,1
38,0
29,1
26,3
26,1
20,3
20,2
20,1
19,3
19,2
19,1
12,3
12,2
12,1
11,27
11,26
11,24
11,23
11,21
18,1
11,18
18,3
11,17
11,15
11,14
11,13
11,12
11,11
11,10
14,1
11,9
14,3
11,8
11,7
13,1
11,6
13,3
11,5
11,3
11,2
11,1
10,309
10,307
10,305
10,299
10,298
10,294
10,279
10,276
10,267
10,261
10,257
